-5.057143
-5.032786
-5.008526
-4.984361
-4.960293
-4.936319
-4.912441
-4.888658
-4.864969
-4.841375
-4.817875
-4.794469
-4.771157
-4.747938
-4.724812
-4.701779
-4.678839
-4.655991
-4.633236
-4.610572
-4.588000
-4.565519
-4.543130
-4.520832
-4.498624
-4.476507
-4.454480
-4.432542
-4.410695
-4.388937
-4.367268
-4.345688
-4.324197
-4.302794
-4.281479
-4.260252
-4.239113
-4.218061
-4.197097
-4.176219
-4.155429
-4.134724
-4.114106
-4.093574
-4.073127
-4.052766
-4.032490
-4.012298
-3.992192
-3.972170
-3.952232
-3.932378
-3.912608
-3.892921
-3.873318
-3.853797
-3.834359
-3.815003
-3.795730
-3.776538
-3.757429
-3.738400
-3.719453
-3.700587
-3.681801
-3.663096
-3.644471
-3.625926
-3.607461
-3.589075
-3.570768
-3.552540
-3.534391
-3.516320
-3.498328
-3.480413
-3.462576
-3.444816
-3.427134
-3.409529
-3.392000
-3.374548
-3.357172
-3.339871
-3.322647
-3.305498
-3.288424
-3.271425
-3.254501
-3.237651
-3.220875
-3.204173
-3.187545
-3.170990
-3.154509
-3.138100
-3.121765
-3.105501
-3.089310
-3.073191
-3.057143
-3.041167
-3.025262
-3.009427
-2.993664
-2.977971
-2.962348
-2.946795
-2.931312
-2.915898
-2.900554
-2.885278
-2.870071
-2.854932
-2.839862
-2.824859
-2.809925
-2.795057
-2.780257
-2.765524
-2.750857
-2.736257
-2.721723
-2.707255
-2.692853
-2.678516
-2.664244
-2.650037
-2.635895
-2.621817
-2.607804
-2.593854
-2.579968
-2.566145
-2.552386
-2.538690
-2.525056
-2.511485
-2.497976
-2.484528
-2.471143
-2.457819
-2.444556
-2.431354
-2.418213
-2.405132
-2.392111
-2.379150
-2.366249
-2.353407
-2.340625
-2.327901
-2.315237
-2.302630
-2.290082
-2.277592
-2.265159
-2.252784
-2.240466
-2.228204
-2.216000
-2.203852
-2.191760
-2.179724
-2.167744
-2.155819
-2.143950
-2.132135
-2.120375
-2.108669
-2.097018
-2.085420
-2.073877
-2.062386
-2.050949
-2.039565
-2.028233
-2.016954
-2.005727
-1.994552
-1.983429
-1.972357
-1.961336
-1.950366
-1.939447
-1.928578
-1.917760
-1.906991
-1.896272
-1.885602
-1.874982
-1.864411
-1.853888
-1.843414
-1.832988
-1.822609
-1.812279
-1.801996
-1.791760
-1.781571
-1.771429
-1.761333
-1.751283
-1.741279
-1.731321
-1.721408
-1.711541
-1.701718
-1.691941
-1.682207
-1.672518
-1.662873
-1.653271
-1.643713
-1.634198
-1.624725
-1.615296
-1.605909
-1.596564
-1.587261
-1.578000
-1.568780
-1.559602
-1.550464
-1.541367
-1.532310
-1.523294
-1.514317
-1.505381
-1.496483
-1.487625
-1.478806
-1.470025
-1.461283
-1.452579
-1.443913
-1.435285
-1.426694
-1.418140
-1.409623
-1.401143
-1.392699
-1.384292
-1.375920
-1.367584
-1.359283
-1.351018
-1.342788
-1.334592
-1.326431
-1.318304
-1.310210
-1.302151
-1.294125
-1.286132
-1.278172
-1.270245
-1.262350
-1.254487
-1.246656
-1.238857
-1.231089
-1.223353
-1.215647
-1.207973
-1.200328
-1.192714
-1.185130
-1.177575
-1.170050
-1.162554
-1.155086
-1.147648
-1.140238
-1.132856
-1.125502
-1.118176
-1.110877
-1.103606
-1.096361
-1.089143
-1.081951
-1.074786
-1.067646
-1.060533
-1.053444
-1.046381
-1.039343
-1.032329
-1.025340
-1.018375
-1.011434
-1.004517
-0.997623
-0.990752
-0.983904
-0.977079
-0.970276
-0.963496
-0.956737
-0.950000
-0.943284
-0.936590
-0.929917
-0.923264
-0.916632
-0.910020
-0.903427
-0.896855
-0.890302
-0.883768
-0.877253
-0.870757
-0.864279
-0.857819
-0.851377
-0.844953
-0.838546
-0.832157
-0.825784
-0.819429
-0.813089
-0.806766
-0.800459
-0.794167
-0.787891
-0.781630
-0.775383
-0.769152
-0.762935
-0.756732
-0.750543
-0.744368
-0.738206
-0.732058
-0.725922
-0.719799
-0.713688
-0.707590
-0.701503
-0.695429
-0.689365
-0.683313
-0.677272
-0.671241
-0.665221
-0.659211
-0.653211
-0.647221
-0.641240
-0.635268
-0.629305
-0.623351
-0.617405
-0.611468
-0.605538
-0.599616
-0.593701
-0.587794
-0.581894
-0.576000
-0.570113
-0.564232
-0.558356
-0.552487
-0.546623
-0.540764
-0.534910
-0.529061
-0.523216
-0.517375
-0.511538
-0.505705
-0.499875
-0.494049
-0.488225
-0.482405
-0.476586
-0.470770
-0.464956
-0.459143
-0.453332
-0.447522
-0.441712
-0.435904
-0.430096
-0.424288
-0.418480
-0.412672
-0.406863
-0.401054
-0.395243
-0.389431
-0.383617
-0.377802
-0.371984
-0.366165
-0.360342
-0.354517
-0.348689
-0.342857
-0.337022
-0.331183
-0.325340
-0.319493
-0.313641
-0.307784
-0.301922
-0.296055
-0.290182
-0.284304
-0.278419
-0.272528
-0.266630
-0.260726
-0.254815
-0.248896
-0.242970
-0.237036
-0.231093
-0.225143
-0.219184
-0.213216
-0.207239
-0.201253
-0.195257
-0.189251
-0.183235
-0.177209
-0.171172
-0.165125
-0.159066
-0.152997
-0.146915
-0.140822
-0.134717
-0.128599
-0.122469
-0.116326
-0.110169
-0.104000
-0.097817
-0.091620
-0.085409
-0.079184
-0.072944
-0.066690
-0.060420
-0.054135
-0.047834
-0.041518
-0.035185
-0.028837
-0.022471
-0.016089
-0.009690
-0.003273
0.003161
0.009613
0.016083
0.022571
0.029078
0.035604
0.042149
0.048713
0.055297
0.061900
0.068524
0.075168
0.081833
0.088518
0.095224
0.101952
0.108701
0.115472
0.122266
0.129081
0.135919
0.142780
0.149664
0.156571
0.163502
0.170457
0.177436
0.184439
0.191467
0.198519
0.205597
0.212699
0.219828
0.226982
0.234162
0.241369
0.248602
0.255862
0.263150
0.270464
0.277806
0.285176
0.292574
0.300000
0.307455
0.314938
0.322451
0.329993
0.337565
0.345166
0.352798
0.360459
0.368152
0.375875
0.383629
0.391415
0.399232
0.407081
0.414962
0.422875
0.430821
0.438800
0.446812
0.454857
0.462936
0.471048
0.479195
0.487376
0.495592
0.503842
0.512127
0.520448
0.528804
0.537196
0.545625
0.554089
0.562590
0.571128
0.579703
0.588315
0.596965
0.605653
0.614379
0.623143
0.631946
0.640787
0.649668
0.658587
0.667547
0.676546
0.685585
0.694665
0.703785
0.712946
0.722149
0.731392
0.740677
0.750004
0.759373
0.768784
0.778238
0.787734
0.797274
0.806857
0.816484
0.826154
0.835869
0.845627
0.855431
0.865279
0.875172
0.885111
0.895095
0.905125
0.915201
0.925323
0.935492
0.945708
0.955971
0.966281
0.976639
0.987044
0.997498
1.008000
1.018551
1.029150
1.039798
1.050496
1.061243
1.072040
1.082888
1.093785
1.104733
1.115732
1.126782
1.137883
1.149036
1.160241
1.171498
1.182807
1.194169
1.205583
1.217051
1.228571
1.240146
1.251774
1.263456
1.275193
1.286984
1.298830
1.310732
1.322688
1.334700
1.346768
1.358892
1.371072
1.383309
1.395602
1.407953
1.420361
1.432827
1.445350
1.457932
1.470571
1.483270
1.496027
1.508843
1.521719
1.534654
1.547649
1.560704
1.573819
1.586995
1.600232
1.613530
1.626889
1.640310
1.653792
1.667337
1.680944
1.694614
1.708346
1.722141
1.736000
1.749922
1.763908
1.777959
1.792073
1.806252
1.820496
1.834805
1.849179
1.863619
1.878125
1.892697
1.907335
1.922040
1.936811
1.951650
1.966555
1.981529
1.996570
2.011679
2.026857
2.042103
2.057418
2.072803
2.088256
2.103779
2.119372
2.135035
2.150768
2.166572
2.182446
2.198392
2.214409
2.230498
2.246658
2.262891
2.279195
2.295573
2.312023
2.328546
2.345143
2.361813
2.378557
2.395375
2.412267
2.429234
2.446276
2.463393
2.480585
2.497853
2.515196
2.532616
2.550112
2.567685
2.585334
2.603060
2.620864
2.638745
2.656704
2.674742
2.692857
2.711051
2.729324
2.747676
2.766107
2.784618
2.803209
2.821880
2.840631
2.859463
2.878375
2.897369
2.916443
2.935600
2.954838
2.974158
2.993561
3.013046
3.032614
3.052266
3.072000
3.091818
3.111720
3.131706
3.151776
3.171931
3.192170
3.212495
3.232905
3.253401
3.273982
3.294650
3.315403
3.336244
3.357171
3.378185
3.399287
3.420476
3.441753
3.463118
3.484571
3.506113
3.527744
3.549464
3.571273
3.593172
3.615160
3.637239
3.659408
3.681668
3.704018
3.726459
3.748992
3.771616
3.794332
3.817141
3.840041
3.863034
3.886120
3.909299
3.932571
3.955937
3.979397
4.002951
4.026599
4.050342
4.074179
4.098112
4.122139
4.146263
4.170482
4.194797
4.219209
4.243717
4.268322
4.293025
4.317824
4.342721
4.367716
4.392809
4.418000
4.443290
4.468678
4.494166
4.519753
4.545440
4.571226
4.597113
4.623099
4.649187
4.675375
4.701664
4.728055
4.754547
4.781141
4.807837
4.834635
4.861536
4.888540
4.915647
4.942857
4.970171
4.997588
5.025110
5.052736
5.080467
5.108302
5.136242
5.164288
5.192439
5.220696
5.249060
5.277529
5.306105
5.334788
5.363578
5.392475
5.421480
5.450593
5.479814
5.509143
5.538581
5.568127
5.597783
5.627547
5.657422
5.687406
5.717500
5.747705
5.778020
5.808446
5.838984
5.869632
5.900392
5.931264
5.962248
5.993344
6.024553
6.055874
6.087309
6.118857
6.150519
6.182294
6.214184
6.246187
6.278306
6.310539
6.342887
6.375351
6.407930
6.440625
6.473436
6.506363
6.539407
6.572568
6.605846
6.639241
6.672754
6.706384
6.740133
6.774000
6.807986
6.842090
6.876313
6.910656
6.945118
6.979700
7.014403
7.049225
7.084168
7.119232
7.154417
7.189723
7.225151
7.260701
7.296373
7.332167
7.368084
7.404123
7.440286
7.476571
7.512981
7.549514
7.586171
7.622953
7.659859
7.696890
7.734047
7.771328
7.808735
7.846268
7.883927
7.921712
7.959624
7.997662
8.035828
8.074121
8.112542
8.151090
8.189767
8.228571
8.267505
8.306567
8.345758
8.385079
8.424529
8.464109
8.503819
8.543659
8.583630
8.623732
8.663965
8.704329
8.744825
8.785452
8.826212
8.867104
8.908129
8.949286
8.990576
9.032000
9.073557
9.115248
9.157074
9.199033
9.241127
9.283356
9.325720
9.368219
9.410854
9.453625
9.496532
9.539575
9.582755
9.626071
9.669525
9.713115
9.756844
9.800710
9.844714
9.888857
9.933138
9.977558
10.022118
10.066816
10.111654
10.156632
10.201750
10.247008
10.292407
10.337946
10.383627
10.429449
10.475413
10.521518
10.567766
10.614155
10.660688
10.707363
10.754181
10.801143
10.848248
10.895497
10.942890
10.990427
11.038109
11.085936
11.133908
11.182025
11.230288
11.278696
11.327251
11.375952
11.424800
11.473794
11.522935
11.572224
11.621660
11.671244
11.720977
11.770857
11.820886
11.871064
11.921391
11.971867
12.022493
12.073269
12.124195
12.175271
12.226498
12.277875
12.329404
12.381083
12.432915
12.484898
12.537033
12.589321
12.641761
12.694354
12.747101
12.800000
12.853053
12.906260
12.959621
13.013136
13.066806
13.120630
13.174610
13.228745
13.283036
13.337482
13.392085
13.446843
13.501759
13.556831
13.612060
13.667447
13.722991
13.778693
13.834553
13.890571
13.946748
14.003084
14.059579
14.116233
14.173047
14.230020
14.287154
14.344448
14.401903
14.459518
14.517294
14.575232
14.633331
14.691592
14.750016
14.808601
14.867349
14.926260
14.985334
15.044571
15.103972
15.163537
15.223266
15.283159
15.343217
15.403439
15.463827
15.524379
15.585098
15.645982
15.707032
15.768249
15.829632
15.891182
15.952900
16.014784
16.076836
16.139056
16.201444
16.264000
16.326725
16.389618
16.452681
16.515913
16.579315
16.642886
16.706628
16.770539
16.834622
16.898875
16.963299
17.027895
17.092662
17.157601
17.222712
17.287995
17.353451
17.419080
17.484882
17.550857
17.617006
17.683328
17.749825
17.816496
17.883342
17.950362
18.017557
18.084928
18.152474
18.220196
18.288095
18.356169
18.424420
18.492848
18.561453
18.630235
18.699195
18.768333
18.837649
18.907143
18.976816
19.046667
19.116698
19.186907
19.257297
19.327866
19.398615
19.469545
19.540655
19.611946
19.683419
19.755072
19.826907
19.898924
19.971123
20.043504
20.116068
20.188814
20.261744
20.334857
20.408154
20.481634
20.555299
20.629147
20.703181
20.777399
20.851802
20.926391
21.001165
21.076125
21.151271
21.226603
21.302122
21.377828
21.453721
21.529801
21.606069
21.682524
21.759168
21.836000
21.913021
21.990230
22.067628
22.145216
22.222993
22.300960
22.379118
22.457465
22.536003
22.614732
22.693652
22.772763
22.852066
22.931561
23.011248
23.091127
23.171199
23.251463
23.331921
23.412571
23.493416
23.574454
23.655686
23.737113
23.818734
23.900550
23.982562
24.064768
24.147170
24.229768
24.312562
24.395552
24.478739
24.562122
24.645703
24.729481
24.813457
24.897630
24.982002
25.066571
25.151340
25.236307
25.321473
25.406839
25.492404
25.578169
25.664134
25.750299
25.836665
25.923232
26.010000
26.096969
26.184140
26.271512
26.359087
26.446864
26.534844
26.623026
26.711411
26.800000
26.888792
26.977788
27.066989
27.156393
27.246002
27.335816
27.425835
27.516059
27.606489
27.697125
27.787967
27.879015
27.970270
28.061731
28.153400
28.245275
28.337359
28.429650
28.522149
28.614857
28.707773
28.800898
28.894233
28.987776
29.081529
29.175492
29.269665
29.364048
29.458642
29.553446
29.648462
29.743689
29.839128
29.934778
30.030641
30.126715
30.223003
30.319503
30.416216
30.513143
30.610283
30.707637
30.805205
30.902987
31.000984
31.099196
31.197623
31.296265
31.395123
31.494196
